=====  =================
         estimated_value
=====  =================
37134                  2
46926                  8
80123                  6
80203                 15
80204                 76
80205                111
80206                 77
80207                128
80209                137
80210                220
80211                151
80212                 99
80216                 40
80218                 38
80219                272
80220                189
80221                172
80222                 88
80223                102
80224                 58
80227                 40
80229                 36
80230                 26
80231                 62
80232                  1
80234                  1
80235                 11
80236                 62
80237                 50
80238                 87
80239                150
80246                 31
80247                  9
80249                178
=====  =================
